# unix_time, cycles_done, cur_path, paths_total, pending_total, pending_favs, map_size, unique_crashes, unique_hangs, max_depth, execs_per_sec
1606664454, 0, 0, 1, 1, 1, 0.04%, 0, 0, 1, 166.67
1606664460, 0, 0, 21, 21, 1, 0.06%, 0, 2, 2, 189.35
1606664465, 0, 0, 25, 25, 1, 0.06%, 0, 3, 2, 8.04
1606664471, 0, 0, 28, 28, 1, 0.06%, 0, 3, 2, 157.02
1606664481, 0, 0, 29, 29, 1, 0.06%, 0, 3, 2, 2.00
1606664486, 0, 0, 30, 30, 1, 0.06%, 0, 3, 2, 97.41
1606664491, 0, 0, 31, 31, 1, 0.07%, 0, 3, 2, 94.54
1606664496, 0, 0, 33, 33, 1, 0.07%, 0, 3, 2, 224.36
1606664518, 0, 0, 34, 34, 1, 0.07%, 0, 3, 2, 125.05
1606664523, 0, 0, 35, 35, 1, 0.07%, 0, 3, 2, 228.95
1606664534, 0, 2, 37, 35, 11, 0.07%, 0, 3, 2, 32.00
1606664549, 0, 2, 37, 35, 11, 0.07%, 0, 4, 2, 5.38
1606664560, 0, 3, 37, 34, 10, 0.07%, 0, 4, 2, 83.51
1606664580, 0, 5, 37, 33, 9, 0.07%, 0, 4, 2, 458.89
1606664586, 0, 11, 37, 32, 8, 0.07%, 0, 4, 2, 122.50
1606664591, 0, 12, 40, 34, 8, 0.08%, 0, 4, 3, 620.64
1606664596, 0, 12, 41, 35, 8, 0.08%, 0, 4, 3, 61.80
1606664601, 0, 17, 41, 34, 7, 0.08%, 0, 4, 3, 520.15
1606664606, 0, 20, 41, 33, 6, 0.08%, 0, 4, 3, 161.33
1606664617, 0, 21, 41, 32, 5, 0.08%, 0, 4, 3, 230.24
1606664627, 0, 30, 42, 32, 4, 0.08%, 0, 4, 3, 362.23
1606664637, 0, 34, 49, 38, 5, 0.08%, 0, 4, 3, 93.29
1606664648, 0, 34, 51, 40, 5, 0.08%, 0, 4, 3, 33.23
1606664654, 0, 34, 53, 42, 5, 0.08%, 0, 4, 3, 27.75
1606664659, 0, 34, 54, 43, 5, 0.08%, 0, 4, 3, 329.23
1606664664, 0, 34, 56, 45, 5, 0.09%, 0, 4, 3, 410.07
1606664680, 0, 39, 60, 48, 6, 0.09%, 0, 4, 3, 224.31
1606664690, 0, 39, 62, 50, 6, 0.09%, 0, 4, 3, 16.48
1606664722, 0, 40, 62, 49, 6, 0.09%, 0, 4, 3, 127.24
1606664728, 0, 46, 63, 49, 5, 0.09%, 0, 4, 4, 11.69
1606664743, 0, 49, 64, 49, 4, 0.09%, 0, 4, 4, 143.75
1606664749, 0, 49, 65, 50, 4, 0.09%, 0, 4, 4, 20.55
1606664756, 0, 49, 65, 50, 4, 0.09%, 0, 5, 4, 151.60
1606664761, 0, 51, 66, 50, 4, 0.09%, 0, 5, 4, 33.10
1606664782, 0, 57, 66, 49, 3, 0.09%, 0, 5, 4, 146.39
1606664802, 0, 63, 66, 48, 2, 0.09%, 0, 5, 4, 43.04
1606664807, 0, 63, 70, 52, 2, 0.09%, 0, 5, 4, 190.81
1606664840, 0, 63, 71, 53, 2, 0.09%, 0, 5, 4, 197.98
1606664878, 0, 63, 72, 54, 2, 0.09%, 0, 5, 4, 189.50
1606664889, 0, 64, 72, 53, 2, 0.09%, 0, 5, 4, 36.41
1606664905, 0, 66, 74, 54, 1, 0.09%, 0, 5, 4, 106.04
1606664910, 0, 66, 75, 55, 1, 0.09%, 0, 5, 4, 13.51
1606664941, 0, 76, 78, 57, 1, 0.09%, 0, 5, 4, 18.24
1606664951, 1, 2, 78, 56, 0, 0.09%, 0, 5, 4, 25.26
1606664981, 1, 3, 78, 56, 0, 0.09%, 0, 5, 4, 141.71
1606665007, 1, 5, 78, 56, 0, 0.09%, 0, 5, 4, 2.09
1606665025, 1, 11, 79, 56, 0, 0.09%, 0, 5, 4, 79.07
1606665031, 1, 12, 79, 56, 0, 0.09%, 0, 5, 4, 178.14
1606665036, 1, 15, 79, 56, 0, 0.09%, 0, 5, 4, 291.37
1606665042, 1, 18, 80, 56, 0, 0.09%, 0, 5, 4, 0.96
1606665060, 1, 20, 80, 55, 0, 0.09%, 0, 5, 4, 2.84
1606665084, 1, 21, 80, 55, 0, 0.09%, 0, 5, 4, 14.13
1606665090, 1, 25, 80, 54, 0, 0.09%, 0, 5, 4, 4.66
1606665095, 1, 34, 81, 53, 0, 0.09%, 0, 5, 4, 92.01
1606665131, 1, 40, 81, 52, 0, 0.09%, 0, 5, 4, 368.60
1606665185, 1, 44, 81, 52, 0, 0.09%, 0, 5, 4, 4.34
1606665227, 1, 46, 81, 51, 0, 0.09%, 0, 5, 4, 225.68
1606665242, 1, 50, 81, 51, 0, 0.09%, 0, 5, 4, 153.41
1606665248, 1, 51, 82, 51, 0, 0.09%, 0, 5, 4, 5.80
1606665283, 1, 53, 82, 51, 0, 0.09%, 0, 5, 4, 1.53
1606665312, 1, 56, 82, 50, 0, 0.09%, 0, 5, 4, 20.49
1606665329, 1, 57, 82, 49, 0, 0.09%, 0, 5, 4, 17.52
1606665380, 1, 62, 82, 49, 0, 0.09%, 0, 5, 4, 3.59
1606665428, 1, 64, 82, 48, 0, 0.09%, 0, 5, 4, 10.56
1606665474, 1, 66, 82, 48, 0, 0.09%, 0, 5, 4, 16.63
1606665517, 1, 67, 82, 48, 0, 0.09%, 0, 5, 4, 4.82
1606665530, 1, 72, 82, 47, 0, 0.09%, 0, 5, 4, 50.01
1606665564, 1, 76, 82, 46, 0, 0.09%, 0, 5, 4, 52.26
1606665570, 2, 2, 82, 46, 0, 0.09%, 1, 5, 4, 30.79
1606665643, 2, 3, 82, 46, 0, 0.09%, 1, 5, 4, 299.41
1606665648, 2, 5, 82, 46, 0, 0.09%, 1, 5, 4, 233.01
1606665653, 2, 11, 82, 46, 0, 0.09%, 1, 5, 4, 381.94
1606665658, 2, 14, 82, 46, 0, 0.09%, 1, 5, 4, 344.52
1606665668, 2, 20, 82, 45, 0, 0.09%, 1, 5, 4, 486.27
1606665679, 2, 28, 82, 45, 0, 0.09%, 1, 5, 4, 38.04
1606665706, 2, 33, 82, 44, 0, 0.09%, 1, 5, 4, 9.31
1606665711, 2, 34, 82, 43, 0, 0.09%, 1, 5, 4, 10.01
1606665722, 2, 36, 82, 43, 0, 0.09%, 1, 5, 4, 120.40
1606665731, 2, 40, 82, 42, 0, 0.09%, 1, 5, 4, 1.00
1606665737, 2, 41, 82, 42, 0, 0.09%, 1, 5, 4, 206.94
1606665754, 2, 46, 82, 41, 0, 0.09%, 1, 5, 4, 40.80
1606665798, 2, 51, 82, 41, 0, 0.09%, 1, 5, 4, 2.37
1606665841, 2, 52, 82, 41, 0, 0.09%, 1, 5, 4, 5.74
1606665883, 2, 57, 82, 40, 0, 0.09%, 1, 5, 4, 23.93
1606665922, 2, 60, 82, 40, 0, 0.09%, 1, 5, 4, 2.04
1606665955, 2, 64, 82, 39, 0, 0.09%, 1, 5, 4, 5.15
1606665994, 2, 66, 82, 39, 0, 0.09%, 1, 5, 4, 870.16
1606666020, 2, 71, 82, 39, 0, 0.09%, 1, 5, 4, 23.08
1606666031, 2, 76, 82, 38, 0, 0.09%, 1, 5, 4, 15.09
1606666038, 2, 80, 82, 38, 0, 0.09%, 1, 5, 4, 4.94
1606666054, 3, 0, 82, 37, 0, 0.09%, 1, 5, 4, 6.54
1606666059, 3, 2, 82, 37, 0, 0.09%, 1, 5, 4, 1.94
1606666086, 3, 3, 82, 37, 0, 0.09%, 1, 5, 4, 9.72
1606666105, 3, 5, 82, 37, 0, 0.09%, 1, 5, 4, 29.88
1606666124, 3, 8, 82, 37, 0, 0.09%, 1, 5, 4, 3.27
1606666133, 3, 11, 82, 36, 0, 0.09%, 1, 5, 4, 3.72
1606666142, 3, 12, 82, 36, 0, 0.09%, 1, 5, 4, 1.82
1606666150, 3, 17, 82, 36, 0, 0.09%, 1, 5, 4, 13.84
1606666179, 3, 18, 82, 36, 0, 0.09%, 1, 5, 4, 0.24
1606666198, 3, 20, 82, 36, 0, 0.09%, 1, 5, 4, 16.37
1606666230, 3, 21, 82, 36, 0, 0.09%, 1, 5, 4, 21.54
1606666248, 3, 34, 82, 36, 0, 0.09%, 1, 5, 4, 246.83
1606666295, 3, 40, 82, 36, 0, 0.09%, 1, 5, 4, 6.85
1606666310, 3, 46, 82, 36, 0, 0.09%, 1, 5, 4, 31.40
1606666352, 3, 47, 82, 36, 0, 0.09%, 1, 5, 4, 0.37
1606666366, 3, 48, 82, 35, 0, 0.09%, 1, 5, 4, 7.92
1606666399, 3, 51, 82, 34, 0, 0.09%, 1, 5, 4, 7.73
1606666444, 3, 55, 82, 34, 0, 0.09%, 1, 5, 4, 732.51
1606666464, 3, 57, 82, 33, 0, 0.09%, 2, 5, 4, 14.65
1606666496, 3, 58, 82, 33, 0, 0.09%, 2, 5, 4, 9.85
1606666509, 3, 59, 82, 32, 0, 0.09%, 2, 5, 4, 13.01
1606666533, 3, 64, 82, 31, 0, 0.09%, 2, 5, 4, 11.47
1606666561, 3, 65, 82, 31, 0, 0.09%, 2, 5, 4, 9.91
1606666567, 3, 66, 82, 30, 0, 0.09%, 2, 5, 4, 64.58
1606666583, 3, 75, 82, 30, 0, 0.09%, 2, 5, 4, 1.11
1606666602, 3, 76, 82, 29, 0, 0.09%, 2, 5, 4, 137.65
1606666613, 4, 2, 82, 29, 0, 0.09%, 2, 5, 4, 455.41
1606666618, 4, 3, 82, 29, 0, 0.09%, 2, 5, 4, 45.93
1606666628, 4, 11, 82, 29, 0, 0.09%, 2, 5, 4, 19.42
1606666633, 4, 12, 82, 29, 0, 0.09%, 2, 5, 4, 23.53
1606666638, 4, 20, 82, 29, 0, 0.09%, 2, 5, 4, 5.26
1606666659, 4, 21, 82, 29, 0, 0.09%, 2, 5, 4, 242.62
1606666664, 4, 31, 82, 28, 0, 0.09%, 2, 5, 4, 149.36
1606666674, 4, 34, 82, 27, 0, 0.09%, 2, 5, 4, 133.15
1606666689, 4, 36, 82, 27, 0, 0.09%, 2, 5, 4, 895.00
1606666694, 4, 40, 82, 27, 0, 0.09%, 2, 5, 4, 12.03
1606666700, 4, 42, 82, 27, 0, 0.09%, 2, 5, 4, 254.93
1606666719, 4, 46, 82, 26, 0, 0.09%, 2, 5, 4, 2.51
1606666773, 4, 51, 82, 26, 0, 0.09%, 2, 5, 4, 537.02
1606666819, 4, 57, 82, 26, 0, 0.09%, 2, 5, 4, 4.95
1606666863, 4, 64, 82, 26, 0, 0.09%, 2, 5, 4, 42.85
1606666874, 4, 66, 82, 26, 0, 0.09%, 2, 5, 4, 238.31
1606666879, 4, 69, 82, 26, 0, 0.09%, 3, 5, 4, 774.14
1606666884, 4, 76, 82, 25, 0, 0.09%, 3, 5, 4, 524.49
1606666897, 4, 81, 82, 25, 0, 0.09%, 3, 5, 4, 17.09
1606666975, 5, 2, 82, 24, 0, 0.09%, 3, 5, 4, 6.24
1606666985, 5, 3, 82, 24, 0, 0.09%, 3, 5, 4, 58.94
1606666990, 5, 4, 82, 24, 0, 0.09%, 3, 5, 4, 54.56
1606666996, 5, 5, 82, 23, 0, 0.09%, 3, 5, 4, 179.68
1606667001, 5, 12, 82, 23, 0, 0.09%, 3, 5, 4, 161.22
1606667006, 5, 20, 82, 22, 0, 0.09%, 3, 5, 4, 322.24
1606667016, 5, 21, 82, 22, 0, 0.09%, 3, 5, 4, 870.17
1606667021, 5, 31, 82, 22, 0, 0.09%, 3, 5, 4, 62.66
1606667032, 5, 34, 82, 22, 0, 0.09%, 3, 5, 4, 273.38
1606667037, 5, 40, 82, 22, 0, 0.09%, 3, 5, 4, 271.73
1606667043, 5, 42, 82, 22, 0, 0.09%, 3, 5, 4, 16.85
1606667048, 5, 46, 82, 22, 0, 0.09%, 3, 5, 4, 69.52
1606667063, 5, 51, 82, 22, 0, 0.09%, 3, 5, 4, 89.97
1606667122, 5, 57, 82, 22, 0, 0.09%, 3, 5, 4, 4.70
1606667180, 5, 61, 82, 22, 0, 0.09%, 3, 5, 4, 281.14
1606667215, 5, 64, 82, 21, 0, 0.09%, 3, 5, 4, 7.49
1606667271, 5, 66, 82, 21, 0, 0.09%, 3, 5, 4, 11.44
1606667277, 5, 76, 82, 21, 0, 0.09%, 3, 5, 4, 107.48
1606667319, 5, 78, 82, 21, 0, 0.09%, 3, 5, 4, 2.95
1606667396, 6, 2, 82, 20, 0, 0.09%, 3, 5, 4, 7.23
1606667448, 6, 3, 82, 20, 0, 0.09%, 3, 5, 4, 4.13
1606667453, 6, 5, 82, 20, 0, 0.09%, 3, 5, 4, 346.06
1606667490, 6, 11, 82, 20, 0, 0.09%, 3, 5, 4, 3.88
1606667508, 6, 12, 82, 20, 0, 0.09%, 3, 5, 4, 4.83
1606667513, 6, 20, 82, 20, 0, 0.09%, 3, 5, 4, 89.32
1606667619, 6, 21, 82, 20, 0, 0.09%, 3, 5, 4, 9.27
1606667638, 6, 29, 82, 20, 0, 0.09%, 3, 5, 4, 7.20
1606667656, 6, 32, 82, 19, 0, 0.09%, 3, 5, 4, 0.68
1606667676, 6, 34, 82, 18, 0, 0.09%, 3, 5, 4, 147.97
1606667688, 6, 38, 82, 18, 0, 0.09%, 3, 5, 4, 9.78
1606667720, 6, 40, 82, 17, 0, 0.09%, 3, 5, 4, 12.06
1606667754, 6, 46, 82, 17, 0, 0.09%, 3, 5, 4, 31.26
1606667786, 6, 51, 82, 17, 0, 0.09%, 3, 5, 4, 59.79
1606667821, 6, 57, 82, 17, 0, 0.09%, 3, 5, 4, 12.04
1606667880, 6, 64, 82, 17, 0, 0.09%, 3, 5, 4, 3.17
1606667952, 6, 66, 82, 17, 0, 0.09%, 3, 5, 4, 5.12
1606667967, 6, 68, 82, 17, 0, 0.09%, 3, 5, 4, 29.28
1606667973, 6, 73, 82, 16, 0, 0.09%, 3, 5, 4, 726.15
1606667979, 6, 76, 82, 15, 0, 0.09%, 3, 5, 4, 3.92
1606667991, 7, 2, 82, 15, 0, 0.09%, 3, 5, 4, 7.03
1606668045, 7, 3, 82, 15, 0, 0.09%, 3, 5, 4, 34.53
1606668070, 7, 5, 82, 15, 0, 0.09%, 3, 5, 4, 10.22
1606668084, 7, 11, 82, 15, 0, 0.09%, 3, 5, 4, 1993.97
1606668089, 7, 12, 82, 15, 0, 0.09%, 3, 5, 4, 2059.70
1606668102, 7, 13, 82, 15, 0, 0.09%, 3, 5, 4, 154.51
1606668114, 7, 20, 82, 14, 0, 0.09%, 3, 5, 4, 3.84
1606668145, 7, 21, 82, 14, 0, 0.09%, 3, 5, 4, 5.42
1606668158, 7, 34, 82, 14, 0, 0.09%, 3, 5, 4, 2.26
1606668216, 7, 40, 82, 14, 0, 0.09%, 3, 5, 4, 4.97
1606668242, 7, 46, 82, 14, 0, 0.09%, 3, 5, 4, 7.30
1606668276, 7, 51, 82, 14, 0, 0.09%, 3, 5, 4, 495.59
1606668284, 7, 56, 82, 14, 0, 0.09%, 3, 5, 4, 141.96
1606668320, 7, 57, 82, 14, 0, 0.09%, 3, 5, 4, 45.67
1606668358, 7, 63, 82, 14, 0, 0.09%, 3, 5, 4, 5.79
1606668387, 7, 64, 82, 14, 0, 0.09%, 3, 5, 4, 16.94
1606668436, 7, 66, 82, 14, 0, 0.09%, 3, 5, 4, 22.51
1606668447, 7, 68, 82, 14, 0, 0.09%, 3, 5, 4, 12.74
1606668482, 7, 69, 82, 14, 0, 0.09%, 3, 5, 4, 10.89
1606668500, 7, 74, 82, 14, 0, 0.09%, 3, 5, 4, 6.85
1606668529, 7, 76, 82, 13, 0, 0.09%, 3, 5, 4, 31.58
1606668561, 7, 78, 82, 13, 0, 0.09%, 3, 5, 4, 0.77
1606668597, 8, 2, 82, 13, 0, 0.09%, 3, 5, 4, 7.73
1606668640, 8, 3, 82, 13, 0, 0.09%, 3, 5, 4, 3.62
1606668665, 8, 5, 82, 13, 0, 0.09%, 3, 5, 4, 27.54
1606668692, 8, 11, 82, 13, 0, 0.09%, 3, 5, 4, 1.99
1606668697, 8, 12, 82, 13, 0, 0.09%, 3, 5, 4, 26.13
1606668713, 8, 20, 82, 13, 0, 0.09%, 3, 5, 4, 17.02
1606668729, 8, 21, 82, 13, 0, 0.09%, 3, 5, 4, 22.59
1606668745, 8, 34, 82, 13, 0, 0.09%, 3, 5, 4, 16.52
1606668780, 8, 40, 82, 13, 0, 0.09%, 3, 5, 4, 169.38
1606668807, 8, 46, 82, 13, 0, 0.09%, 3, 5, 4, 0.84
1606668869, 8, 51, 82, 13, 0, 0.09%, 3, 5, 4, 0.37
1606668881, 8, 57, 82, 13, 0, 0.09%, 3, 5, 4, 8.79
1606668921, 8, 64, 82, 13, 0, 0.09%, 3, 5, 4, 15.69
1606669012, 8, 66, 82, 13, 0, 0.09%, 3, 5, 4, 15.49
1606669046, 8, 76, 82, 13, 0, 0.09%, 3, 5, 4, 1.83
1606669056, 9, 2, 82, 13, 0, 0.09%, 3, 5, 4, 273.08
1606669105, 9, 3, 82, 13, 0, 0.09%, 3, 5, 4, 63.23
1606669129, 9, 5, 82, 13, 0, 0.09%, 3, 5, 4, 7.23
1606669157, 9, 7, 82, 13, 0, 0.09%, 3, 5, 4, 4.69
1606669162, 9, 11, 82, 12, 0, 0.09%, 3, 5, 4, 327.97
1606669177, 9, 12, 82, 12, 0, 0.09%, 3, 5, 4, 18.71
1606669184, 9, 20, 82, 12, 0, 0.09%, 3, 5, 4, 11.25
1606669227, 9, 21, 82, 12, 0, 0.09%, 3, 5, 4, 1730.00
1606669236, 9, 34, 82, 12, 0, 0.09%, 3, 5, 4, 13.23
1606669241, 9, 36, 82, 12, 0, 0.09%, 3, 5, 4, 157.73
1606669252, 9, 40, 82, 12, 0, 0.09%, 3, 5, 4, 23.32
1606669257, 9, 43, 82, 12, 0, 0.09%, 3, 5, 4, 36.36
1606669280, 9, 46, 82, 11, 0, 0.09%, 3, 5, 4, 2.90
1606669291, 9, 51, 82, 11, 0, 0.09%, 3, 5, 4, 33.86
1606669330, 9, 57, 82, 11, 0, 0.09%, 3, 5, 4, 0.27
1606669363, 9, 64, 82, 11, 0, 0.09%, 3, 5, 4, 17.58
1606669411, 9, 66, 82, 11, 0, 0.09%, 3, 5, 4, 4.77
1606669432, 9, 76, 82, 11, 0, 0.09%, 3, 5, 4, 23.93
1606669449, 9, 77, 82, 11, 0, 0.09%, 3, 5, 4, 27.86
1606669454, 10, 2, 82, 10, 0, 0.09%, 3, 5, 4, 106.45
1606669491, 10, 3, 82, 10, 0, 0.09%, 3, 5, 4, 8.78
1606669497, 10, 5, 82, 10, 0, 0.09%, 3, 5, 4, 79.99
1606669518, 10, 11, 82, 10, 0, 0.09%, 3, 5, 4, 552.52
1606669525, 10, 13, 82, 10, 0, 0.09%, 3, 5, 4, 11.71
1606669540, 10, 20, 82, 10, 0, 0.09%, 3, 5, 4, 51.91
1606669550, 10, 21, 82, 10, 0, 0.09%, 3, 5, 4, 31.01
1606669555, 10, 23, 82, 10, 0, 0.09%, 3, 5, 4, 110.13
1606669560, 10, 34, 82, 9, 0, 0.09%, 3, 5, 4, 0.98
1606669576, 10, 40, 82, 8, 0, 0.09%, 3, 5, 4, 11.00
1606669581, 10, 46, 82, 8, 0, 0.09%, 3, 5, 4, 39.43
1606669596, 10, 51, 82, 8, 0, 0.09%, 3, 5, 4, 148.32
1606669607, 10, 57, 82, 8, 0, 0.09%, 3, 5, 4, 276.82
1606669622, 10, 64, 82, 8, 0, 0.09%, 3, 5, 4, 436.93
1606669642, 10, 66, 82, 8, 0, 0.09%, 3, 5, 4, 823.34
1606669647, 10, 71, 82, 8, 0, 0.09%, 3, 5, 4, 170.16
1606669653, 10, 76, 82, 8, 0, 0.09%, 3, 5, 4, 627.25
1606669663, 11, 2, 82, 8, 0, 0.09%, 3, 5, 4, 320.79
1606669729, 11, 3, 82, 8, 0, 0.09%, 3, 5, 4, 1.76
1606669749, 11, 5, 82, 8, 0, 0.09%, 3, 5, 4, 20.07
1606669801, 11, 11, 82, 8, 0, 0.09%, 3, 5, 4, 1.84
1606669810, 11, 12, 82, 8, 0, 0.09%, 3, 5, 4, 47.21
1606669829, 11, 18, 82, 8, 0, 0.09%, 3, 5, 4, 555.00
1606669859, 11, 20, 82, 8, 0, 0.09%, 3, 5, 4, 78.77
1606669938, 11, 21, 82, 8, 0, 0.09%, 3, 5, 4, 1.53
1606669978, 11, 34, 82, 8, 0, 0.09%, 3, 5, 4, 2.79
1606670040, 11, 40, 82, 8, 0, 0.09%, 3, 5, 4, 8.63
1606670083, 11, 41, 82, 8, 0, 0.09%, 3, 5, 4, 2.85
1606670090, 11, 46, 82, 8, 0, 0.09%, 3, 5, 4, 5.31
1606670134, 11, 51, 82, 8, 0, 0.09%, 3, 5, 4, 9.30
1606670154, 11, 57, 82, 8, 0, 0.09%, 3, 5, 4, 10.05
1606670199, 11, 58, 82, 8, 0, 0.09%, 3, 5, 4, 16.50
1606670210, 11, 64, 82, 8, 0, 0.09%, 3, 5, 4, 8.27
1606670226, 11, 66, 82, 8, 0, 0.09%, 3, 5, 4, 217.84
1606670231, 11, 70, 82, 8, 0, 0.09%, 3, 5, 4, 715.00
1606670236, 11, 76, 82, 7, 0, 0.09%, 3, 5, 4, 74.82
1606670241, 11, 81, 82, 7, 0, 0.09%, 3, 5, 4, 142.67
1606670252, 12, 2, 82, 7, 0, 0.09%, 3, 5, 4, 362.10
1606670273, 12, 3, 82, 7, 0, 0.09%, 3, 5, 4, 4.33
1606670278, 12, 5, 82, 7, 0, 0.09%, 3, 5, 4, 209.35
1606670284, 12, 10, 82, 7, 0, 0.09%, 3, 5, 4, 21.36
1606670289, 12, 12, 82, 6, 0, 0.09%, 3, 5, 4, 760.10
1606670294, 12, 17, 82, 6, 0, 0.09%, 3, 5, 4, 968.26
1606670299, 12, 20, 82, 6, 0, 0.09%, 3, 5, 4, 252.61
1606670330, 12, 21, 82, 6, 0, 0.09%, 3, 5, 4, 9.28
1606670346, 12, 34, 82, 6, 0, 0.09%, 3, 5, 4, 5.64
1606670408, 12, 40, 82, 6, 0, 0.09%, 3, 5, 4, 12.00
1606670441, 12, 46, 82, 6, 0, 0.09%, 3, 5, 4, 12.09
1606670471, 12, 51, 82, 6, 0, 0.09%, 3, 5, 4, 0.36
1606670491, 12, 53, 82, 6, 0, 0.09%, 3, 5, 4, 23.66
1606670523, 12, 54, 82, 6, 0, 0.09%, 3, 5, 4, 0.37
1606670575, 12, 57, 82, 5, 0, 0.09%, 3, 5, 4, 244.56
1606670587, 12, 63, 82, 5, 0, 0.09%, 3, 5, 4, 52.94
1606670601, 12, 64, 82, 5, 0, 0.09%, 3, 5, 4, 31.51
1606670664, 12, 66, 82, 5, 0, 0.09%, 3, 5, 4, 34.73
1606670691, 12, 76, 82, 5, 0, 0.09%, 3, 5, 4, 1.48
1606670704, 12, 81, 82, 5, 0, 0.09%, 3, 5, 4, 148.76
1606670771, 13, 2, 82, 5, 0, 0.09%, 3, 5, 4, 16.05
1606670827, 13, 3, 82, 5, 0, 0.09%, 3, 5, 4, 9.39
1606670871, 13, 5, 82, 5, 0, 0.09%, 3, 5, 4, 10.23
1606670881, 13, 12, 82, 5, 0, 0.09%, 3, 5, 4, 11.89
1606670908, 13, 16, 82, 5, 0, 0.09%, 3, 5, 4, 23.95
1606670917, 13, 17, 82, 5, 0, 0.09%, 3, 5, 4, 15.09
1606670928, 13, 19, 82, 5, 0, 0.09%, 3, 5, 4, 150.77
1606670955, 13, 20, 82, 4, 0, 0.09%, 3, 5, 4, 0.39
1606671001, 13, 21, 82, 4, 0, 0.09%, 3, 5, 4, 56.29
1606671012, 13, 26, 82, 4, 0, 0.09%, 3, 5, 4, 7.54
1606671023, 13, 30, 82, 3, 0, 0.09%, 3, 5, 4, 87.19
1606671045, 13, 31, 82, 3, 0, 0.09%, 3, 5, 4, 6.72
1606671063, 13, 34, 82, 3, 0, 0.09%, 3, 5, 4, 4.35
1606671110, 13, 40, 82, 3, 0, 0.09%, 3, 5, 4, 2.45
1606671171, 13, 46, 82, 3, 0, 0.09%, 3, 5, 4, 232.54
1606671183, 13, 48, 82, 3, 0, 0.09%, 3, 5, 4, 54.77
1606671211, 13, 51, 82, 3, 0, 0.09%, 3, 5, 4, 7.48
1606671236, 13, 57, 82, 3, 0, 0.09%, 3, 5, 4, 29.15
1606671292, 13, 64, 82, 3, 0, 0.09%, 3, 5, 4, 306.76
1606671331, 13, 66, 82, 3, 0, 0.09%, 3, 5, 4, 8.59
1606671341, 13, 76, 82, 3, 0, 0.09%, 3, 5, 4, 630.20
1606671355, 13, 77, 82, 3, 0, 0.09%, 3, 5, 4, 47.73
1606671386, 14, 2, 82, 3, 0, 0.09%, 3, 5, 4, 13.84
1606671441, 14, 3, 82, 3, 0, 0.09%, 3, 5, 4, 345.59
1606671461, 14, 5, 82, 3, 0, 0.09%, 3, 5, 4, 95.72
1606671466, 14, 11, 82, 3, 0, 0.09%, 3, 5, 4, 361.29
1606671471, 14, 12, 82, 3, 0, 0.09%, 3, 5, 4, 3.94
1606671511, 14, 20, 82, 3, 0, 0.09%, 3, 5, 4, 0.10
1606671602, 14, 21, 82, 3, 0, 0.09%, 3, 5, 4, 4.48
1606671609, 14, 24, 82, 3, 0, 0.09%, 3, 5, 4, 3.59
1606671618, 14, 26, 82, 3, 0, 0.09%, 3, 5, 4, 4.56
1606671628, 14, 34, 82, 3, 0, 0.09%, 3, 5, 4, 4.45
1606671642, 14, 40, 82, 3, 0, 0.09%, 3, 5, 4, 113.16
1606671647, 14, 46, 82, 3, 0, 0.09%, 3, 5, 4, 282.27
1606671658, 14, 51, 82, 3, 0, 0.09%, 3, 5, 4, 183.33
1606671669, 14, 57, 82, 3, 0, 0.09%, 3, 5, 4, 26.93
1606671756, 14, 60, 82, 3, 0, 0.09%, 3, 5, 4, 15.25
1606671768, 14, 64, 82, 3, 0, 0.09%, 3, 5, 4, 3.89
1606671807, 14, 66, 82, 3, 0, 0.09%, 3, 5, 4, 44.67
1606671831, 14, 76, 82, 3, 0, 0.09%, 3, 5, 4, 253.80
1606671845, 15, 2, 82, 3, 0, 0.09%, 3, 5, 4, 10.68
1606671893, 15, 3, 82, 3, 0, 0.09%, 3, 5, 4, 166.20
1606671906, 15, 5, 82, 3, 0, 0.09%, 3, 5, 4, 93.46
1606671932, 15, 11, 82, 3, 0, 0.09%, 3, 5, 4, 141.59
1606671951, 15, 12, 82, 3, 0, 0.09%, 3, 5, 4, 88.23
1606671962, 15, 20, 82, 3, 0, 0.09%, 3, 5, 4, 282.33
1606671989, 15, 34, 82, 3, 0, 0.09%, 3, 5, 4, 70.04
1606672006, 15, 40, 82, 3, 0, 0.09%, 3, 5, 4, 208.23
1606672020, 15, 46, 82, 3, 0, 0.09%, 3, 5, 4, 1.58
1606672033, 15, 51, 82, 3, 0, 0.09%, 3, 5, 4, 455.00
1606672050, 15, 57, 82, 3, 0, 0.09%, 3, 5, 4, 129.59
1606672071, 15, 64, 82, 3, 0, 0.09%, 3, 5, 4, 2.52
1606672097, 15, 66, 82, 3, 0, 0.09%, 3, 5, 4, 459.14
1606672108, 15, 67, 82, 3, 0, 0.09%, 3, 5, 4, 3.78
1606672125, 15, 76, 82, 3, 0, 0.09%, 3, 5, 4, 786.54
1606672145, 16, 2, 82, 3, 0, 0.09%, 3, 5, 4, 18.96
1606672178, 16, 3, 82, 3, 0, 0.09%, 3, 5, 4, 21.33
1606672204, 16, 6, 82, 3, 0, 0.09%, 3, 5, 4, 7.98
1606672218, 16, 11, 82, 2, 0, 0.09%, 3, 5, 4, 6.50
1606672228, 16, 12, 82, 2, 0, 0.09%, 3, 5, 4, 5.34
1606672242, 16, 20, 82, 2, 0, 0.09%, 3, 5, 4, 108.35
1606672282, 16, 21, 82, 2, 0, 0.09%, 3, 5, 4, 10.64
1606672303, 16, 34, 82, 2, 0, 0.09%, 3, 5, 4, 220.25
1606672348, 16, 40, 82, 2, 0, 0.09%, 3, 5, 4, 26.14
1606672368, 16, 46, 82, 2, 0, 0.09%, 3, 5, 4, 210.84
1606672402, 16, 51, 82, 2, 0, 0.09%, 3, 5, 4, 30.36
1606672427, 16, 57, 82, 2, 0, 0.09%, 3, 5, 4, 1.98
1606672433, 16, 64, 82, 2, 0, 0.09%, 3, 5, 4, 34.31
1606672450, 16, 66, 82, 2, 0, 0.09%, 3, 5, 4, 640.86
1606672455, 16, 72, 82, 2, 0, 0.09%, 3, 5, 4, 4.30
1606672461, 16, 76, 82, 2, 0, 0.09%, 3, 5, 4, 203.04
1606672466, 17, 2, 82, 2, 0, 0.09%, 3, 5, 4, 472.57
1606672477, 17, 3, 82, 2, 0, 0.09%, 3, 5, 4, 61.79
1606672482, 17, 5, 82, 2, 0, 0.09%, 3, 5, 4, 471.83
1606672487, 17, 11, 82, 2, 0, 0.09%, 3, 5, 4, 132.43
1606672493, 17, 12, 82, 2, 0, 0.09%, 3, 5, 4, 89.36
1606672498, 17, 20, 82, 2, 0, 0.09%, 3, 5, 4, 8.95
1606672508, 17, 21, 82, 2, 0, 0.09%, 3, 5, 4, 192.65
1606672519, 17, 34, 82, 2, 0, 0.09%, 3, 5, 4, 8.79
1606672524, 17, 40, 82, 2, 0, 0.09%, 3, 5, 4, 239.28
1606672529, 17, 45, 82, 2, 0, 0.09%, 3, 5, 4, 174.00
1606672540, 17, 46, 82, 1, 0, 0.09%, 3, 5, 4, 346.41
1606672555, 17, 50, 82, 1, 0, 0.09%, 3, 5, 4, 335.94
1606672560, 17, 51, 82, 1, 0, 0.09%, 3, 5, 4, 238.96
1606672570, 17, 52, 82, 1, 0, 0.09%, 3, 5, 4, 495.89
1606672575, 17, 57, 82, 1, 0, 0.09%, 3, 5, 4, 84.40
1606672585, 17, 64, 82, 1, 0, 0.09%, 3, 5, 4, 16.91
1606672596, 17, 66, 82, 1, 0, 0.09%, 3, 5, 4, 545.79
1606672601, 17, 76, 82, 1, 0, 0.09%, 3, 5, 4, 44.15
1606672606, 18, 2, 82, 1, 0, 0.09%, 3, 5, 4, 264.14
1606672621, 18, 3, 82, 1, 0, 0.09%, 3, 5, 4, 307.48
1606672626, 18, 5, 82, 1, 0, 0.09%, 3, 5, 4, 440.61
1606672632, 18, 11, 82, 1, 0, 0.09%, 3, 5, 4, 244.96
1606672637, 18, 12, 82, 1, 0, 0.09%, 3, 5, 4, 551.44
1606672642, 18, 20, 82, 1, 0, 0.09%, 3, 5, 4, 40.47
1606672657, 18, 21, 82, 1, 0, 0.09%, 3, 5, 4, 151.26
1606672662, 18, 29, 82, 1, 0, 0.09%, 3, 5, 4, 410.14
1606672668, 18, 34, 82, 1, 0, 0.09%, 3, 5, 4, 141.38
1606672678, 18, 40, 82, 1, 0, 0.09%, 3, 5, 4, 70.35
1606672683, 18, 46, 82, 1, 0, 0.09%, 3, 5, 4, 11.28
1606672694, 18, 51, 82, 1, 0, 0.09%, 3, 5, 4, 156.19
1606672699, 18, 57, 82, 1, 0, 0.09%, 3, 5, 4, 203.13
1606672710, 18, 64, 82, 1, 0, 0.09%, 3, 5, 4, 118.76
1606672720, 18, 66, 82, 1, 0, 0.09%, 3, 5, 4, 405.92
1606672725, 18, 76, 82, 1, 0, 0.09%, 3, 5, 4, 539.84
1606672731, 18, 79, 82, 1, 0, 0.09%, 3, 5, 4, 63.24
1606672736, 19, 2, 82, 0, 0, 0.09%, 3, 5, 4, 710.41
1606672751, 19, 3, 82, 0, 0, 0.09%, 3, 5, 4, 152.75
1606672762, 19, 5, 82, 0, 0, 0.09%, 3, 5, 4, 13.55
1606672767, 19, 11, 82, 0, 0, 0.09%, 3, 5, 4, 323.90
1606672772, 19, 20, 82, 0, 0, 0.09%, 3, 5, 4, 966.60
1606672789, 19, 21, 82, 0, 0, 0.09%, 3, 5, 4, 177.77
1606672794, 19, 34, 82, 0, 0, 0.09%, 3, 5, 4, 186.75
1606672805, 19, 40, 82, 0, 0, 0.09%, 3, 5, 4, 287.09
1606672810, 19, 46, 82, 0, 0, 0.09%, 3, 5, 4, 205.35
1606672815, 19, 51, 82, 0, 0, 0.09%, 3, 5, 4, 37.56
1606672825, 19, 57, 82, 0, 0, 0.09%, 3, 5, 4, 5.84
1606672830, 19, 64, 82, 0, 0, 0.09%, 3, 5, 4, 733.43
1606672851, 19, 66, 82, 0, 0, 0.09%, 3, 5, 4, 100.41
1606672856, 19, 71, 82, 0, 0, 0.09%, 3, 5, 4, 307.54
1606672861, 19, 76, 82, 0, 0, 0.09%, 3, 5, 4, 10.11
1606672866, 20, 2, 82, 0, 0, 0.09%, 3, 5, 4, 44.61
1606672893, 20, 3, 82, 0, 0, 0.09%, 3, 5, 4, 6.09
1606672917, 20, 10, 82, 0, 0, 0.09%, 3, 5, 4, 660.99
1606672922, 20, 11, 82, 0, 0, 0.09%, 3, 5, 4, 13.84
1606672927, 20, 17, 82, 0, 0, 0.09%, 3, 5, 4, 608.91
1606672932, 20, 20, 82, 0, 0, 0.09%, 3, 5, 4, 103.28
1606672969, 20, 21, 82, 0, 0, 0.09%, 3, 5, 4, 7.81
1606672974, 20, 34, 82, 0, 0, 0.09%, 3, 5, 4, 243.51
1606673045, 20, 40, 82, 0, 0, 0.09%, 3, 5, 4, 1.52
1606673055, 20, 46, 82, 0, 0, 0.09%, 3, 5, 4, 245.14
1606673074, 20, 51, 82, 0, 0, 0.09%, 3, 5, 4, 233.26
1606673085, 20, 57, 82, 0, 0, 0.09%, 3, 5, 4, 8.43
1606673139, 20, 64, 82, 0, 0, 0.09%, 3, 5, 4, 29.73
1606673197, 20, 66, 82, 0, 0, 0.09%, 3, 5, 4, 2.09
1606673203, 20, 76, 82, 0, 0, 0.09%, 3, 5, 4, 531.01
1606673229, 21, 2, 82, 0, 0, 0.09%, 3, 5, 4, 157.13
1606673293, 21, 3, 82, 0, 0, 0.09%, 3, 5, 4, 3.20
1606673319, 21, 4, 82, 0, 0, 0.09%, 3, 5, 4, 120.82
1606673324, 21, 11, 82, 0, 0, 0.09%, 3, 5, 4, 258.35
1606673329, 21, 17, 82, 0, 0, 0.09%, 3, 5, 4, 839.22
1606673335, 21, 20, 82, 0, 0, 0.09%, 3, 5, 4, 28.60
1606673351, 21, 34, 82, 0, 0, 0.09%, 3, 5, 4, 8.93
1606673361, 21, 40, 82, 0, 0, 0.09%, 3, 5, 4, 344.20
1606673366, 21, 46, 82, 0, 0, 0.09%, 3, 5, 4, 69.65
1606673376, 21, 51, 82, 0, 0, 0.09%, 3, 5, 4, 716.80
1606673381, 21, 57, 82, 0, 0, 0.09%, 3, 5, 4, 232.43
1606673392, 21, 64, 82, 0, 0, 0.09%, 3, 5, 4, 405.94
1606673397, 21, 66, 82, 0, 0, 0.09%, 3, 5, 4, 780.00
1606673421, 21, 76, 82, 0, 0, 0.09%, 3, 5, 4, 10.47
1606673439, 22, 2, 82, 0, 0, 0.09%, 3, 5, 4, 24.99
1606673464, 22, 3, 82, 0, 0, 0.09%, 3, 5, 4, 151.69
1606673470, 22, 5, 82, 0, 0, 0.09%, 3, 5, 4, 309.28
1606673475, 22, 7, 82, 0, 0, 0.09%, 3, 5, 4, 35.33
1606673480, 22, 12, 82, 0, 0, 0.09%, 3, 5, 4, 1971.27
1606673485, 22, 20, 82, 0, 0, 0.09%, 3, 5, 4, 32.80
1606673501, 22, 21, 82, 0, 0, 0.09%, 3, 5, 4, 707.47
1606673506, 22, 34, 82, 0, 0, 0.09%, 3, 5, 4, 70.58
1606673516, 22, 40, 82, 0, 0, 0.09%, 3, 5, 4, 115.99
1606673521, 22, 46, 82, 0, 0, 0.09%, 3, 5, 4, 18.20
1606673526, 22, 51, 82, 0, 0, 0.09%, 3, 5, 4, 316.03
1606673531, 22, 57, 82, 0, 0, 0.09%, 3, 5, 4, 244.93
1606673547, 22, 64, 82, 0, 0, 0.09%, 3, 5, 4, 381.78
1606673557, 22, 66, 82, 0, 0, 0.09%, 3, 5, 4, 355.13
1606673562, 22, 68, 82, 0, 0, 0.09%, 3, 5, 4, 370.69
1606673567, 22, 76, 82, 0, 0, 0.09%, 3, 5, 4, 310.63
1606673572, 23, 2, 82, 0, 0, 0.09%, 3, 5, 4, 6.89
1606673588, 23, 3, 82, 0, 0, 0.09%, 3, 5, 4, 8.29
1606673600, 23, 5, 82, 0, 0, 0.09%, 3, 5, 4, 101.44
1606673606, 23, 12, 82, 0, 0, 0.09%, 3, 5, 4, 140.54
1606673612, 23, 17, 82, 0, 0, 0.09%, 3, 5, 4, 395.85
1606673618, 23, 20, 82, 0, 0, 0.09%, 3, 5, 4, 11.59
1606673628, 23, 21, 82, 0, 0, 0.09%, 4, 5, 4, 328.79
1606673633, 23, 34, 82, 0, 0, 0.09%, 4, 5, 4, 51.04
1606673643, 23, 40, 82, 0, 0, 0.09%, 4, 5, 4, 84.35
1606673649, 23, 46, 82, 0, 0, 0.09%, 4, 5, 4, 29.58
1606673659, 23, 51, 82, 0, 0, 0.09%, 4, 5, 4, 18.74
1606673669, 23, 54, 82, 0, 0, 0.09%, 4, 5, 4, 352.94
1606673674, 23, 57, 82, 0, 0, 0.09%, 4, 5, 4, 373.13
1606673685, 23, 64, 82, 0, 0, 0.09%, 4, 5, 4, 4.33
1606673701, 23, 66, 82, 0, 0, 0.09%, 4, 5, 4, 15.50
1606673712, 23, 76, 82, 0, 0, 0.09%, 4, 5, 4, 421.55
1606673717, 24, 2, 82, 0, 0, 0.09%, 4, 5, 4, 840.37
1606673727, 24, 3, 82, 0, 0, 0.09%, 4, 5, 4, 175.22
1606673788, 24, 5, 82, 0, 0, 0.09%, 4, 5, 4, 12.20
1606673793, 24, 11, 82, 0, 0, 0.09%, 4, 5, 4, 31.57
1606673806, 24, 12, 82, 0, 0, 0.09%, 4, 5, 4, 22.21
1606673818, 24, 17, 82, 0, 0, 0.09%, 4, 5, 4, 2.30
1606673831, 24, 20, 82, 0, 0, 0.09%, 4, 5, 4, 0.56
1606673858, 24, 21, 82, 0, 0, 0.09%, 4, 5, 4, 79.87
1606673864, 24, 34, 82, 0, 0, 0.09%, 4, 5, 4, 12.39
1606673908, 24, 40, 82, 0, 0, 0.09%, 4, 5, 4, 16.99
1606673934, 24, 45, 82, 0, 0, 0.09%, 4, 5, 4, 8.08
1606673975, 24, 46, 82, 0, 0, 0.09%, 4, 5, 4, 29.88
1606673995, 24, 51, 82, 0, 0, 0.09%, 4, 5, 4, 10.72
1606674021, 24, 57, 82, 0, 0, 0.09%, 4, 5, 4, 5.64
1606674062, 24, 64, 82, 0, 0, 0.09%, 4, 5, 4, 3.06
1606674077, 24, 66, 82, 0, 0, 0.09%, 4, 5, 4, 563.53
1606674088, 24, 76, 82, 0, 0, 0.09%, 4, 5, 4, 4.81
1606674093, 25, 2, 82, 0, 0, 0.09%, 4, 5, 4, 58.50
1606674122, 25, 3, 82, 0, 0, 0.09%, 4, 5, 4, 10.30
1606674132, 25, 5, 82, 0, 0, 0.09%, 4, 5, 4, 360.77
1606674142, 25, 12, 82, 0, 0, 0.09%, 4, 5, 4, 3.44
1606674175, 25, 15, 82, 0, 0, 0.09%, 4, 5, 4, 6.20
1606674180, 25, 17, 82, 0, 0, 0.09%, 4, 5, 4, 212.00
1606674193, 25, 20, 82, 0, 0, 0.09%, 4, 5, 4, 43.12
1606674212, 25, 21, 82, 0, 0, 0.09%, 4, 5, 4, 37.85
1606674218, 25, 29, 82, 0, 0, 0.09%, 4, 5, 4, 71.56
1606674224, 25, 34, 82, 0, 0, 0.09%, 4, 5, 4, 171.27
1606674234, 25, 40, 82, 0, 0, 0.09%, 4, 5, 4, 179.40
1606674239, 25, 46, 82, 0, 0, 0.09%, 4, 5, 4, 19.52
1606674244, 25, 51, 82, 0, 0, 0.09%, 4, 5, 4, 274.83
1606674254, 25, 57, 82, 0, 0, 0.09%, 4, 5, 4, 387.59
1606674259, 25, 64, 82, 0, 0, 0.09%, 4, 5, 4, 74.24
1606674275, 25, 66, 82, 0, 0, 0.09%, 4, 5, 4, 435.40
1606674280, 25, 68, 82, 0, 0, 0.09%, 4, 5, 4, 122.49
1606674285, 25, 76, 82, 0, 0, 0.09%, 4, 5, 4, 660.10
1606674290, 26, 2, 82, 0, 0, 0.09%, 4, 5, 4, 14.25
1606674306, 26, 3, 82, 0, 0, 0.09%, 4, 5, 4, 451.23
1606674317, 26, 5, 82, 0, 0, 0.09%, 4, 5, 4, 469.44
1606674322, 26, 11, 82, 0, 0, 0.09%, 4, 5, 4, 823.13
1606674328, 26, 12, 82, 0, 0, 0.09%, 4, 5, 4, 42.61
1606674341, 26, 17, 82, 0, 0, 0.09%, 4, 5, 4, 30.72
1606674346, 26, 20, 82, 0, 0, 0.09%, 4, 5, 4, 873.01
1606674377, 26, 21, 82, 0, 0, 0.09%, 4, 5, 4, 1.58
