# unix_time, cycles_done, cur_path, paths_total, pending_total, pending_favs, map_size, unique_crashes, unique_hangs, max_depth, execs_per_sec
1606664433, 0, 0, 1, 1, 1, 0.04%, 0, 0, 1, 109.59
1606664438, 0, 0, 22, 22, 1, 0.06%, 0, 1, 2, 136.52
1606664443, 0, 0, 26, 26, 1, 0.07%, 0, 1, 2, 175.94
1606664448, 0, 0, 28, 28, 1, 0.07%, 0, 1, 2, 212.69
1606664454, 0, 0, 30, 30, 1, 0.07%, 0, 1, 2, 232.84
1606664459, 0, 0, 31, 31, 1, 0.07%, 0, 1, 2, 200.88
1606664474, 0, 0, 32, 32, 1, 0.07%, 0, 1, 2, 121.05
1606664480, 0, 0, 32, 32, 1, 0.07%, 0, 2, 2, 17.27
1606664490, 0, 0, 33, 33, 1, 0.07%, 0, 2, 2, 166.05
1606664501, 0, 1, 36, 35, 10, 0.07%, 0, 2, 2, 282.48
1606664506, 0, 7, 36, 33, 8, 0.07%, 0, 2, 2, 326.80
1606664511, 0, 7, 37, 34, 8, 0.07%, 0, 2, 3, 49.16
1606664516, 0, 9, 37, 33, 7, 0.07%, 0, 2, 3, 447.92
1606664527, 0, 13, 37, 32, 6, 0.07%, 0, 2, 3, 39.17
1606664533, 0, 15, 38, 32, 6, 0.07%, 0, 2, 3, 379.81
1606664543, 0, 18, 38, 31, 5, 0.07%, 0, 2, 3, 111.66
1606664553, 0, 19, 38, 30, 4, 0.07%, 0, 2, 3, 144.63
1606664558, 0, 19, 39, 31, 4, 0.07%, 0, 2, 3, 77.52
1606664563, 0, 25, 39, 30, 3, 0.07%, 0, 2, 3, 41.44
1606664580, 0, 33, 40, 30, 2, 0.08%, 0, 2, 3, 0.58
1606664601, 0, 37, 46, 35, 2, 0.08%, 0, 2, 3, 120.08
1606664606, 0, 37, 48, 37, 2, 0.08%, 0, 2, 3, 24.99
1606664611, 0, 37, 49, 38, 2, 0.08%, 0, 2, 3, 278.62
1606664643, 0, 37, 50, 39, 2, 0.08%, 0, 2, 3, 13.97
1606664654, 0, 39, 54, 42, 3, 0.08%, 0, 2, 3, 162.59
1606664664, 0, 39, 55, 43, 3, 0.08%, 0, 2, 3, 222.19
1606664674, 0, 39, 56, 44, 3, 0.08%, 0, 2, 3, 138.76
1606664685, 0, 39, 57, 45, 3, 0.08%, 0, 2, 3, 81.60
1606664712, 0, 39, 59, 47, 3, 0.08%, 0, 2, 3, 170.19
1606664717, 0, 43, 59, 46, 4, 0.08%, 0, 2, 3, 136.36
1606664722, 0, 43, 61, 48, 4, 0.09%, 0, 2, 3, 234.82
1606664728, 0, 48, 61, 47, 4, 0.09%, 0, 2, 3, 6.09
1606664733, 0, 48, 62, 48, 4, 0.09%, 0, 2, 3, 130.63
1606664738, 0, 57, 63, 48, 3, 0.09%, 0, 2, 3, 180.57
1606664749, 0, 58, 67, 51, 2, 0.09%, 0, 2, 3, 31.10
1606664771, 0, 60, 67, 50, 1, 0.09%, 0, 2, 3, 10.10
1606664789, 0, 66, 69, 51, 1, 0.09%, 0, 2, 3, 11.44
1606664794, 0, 66, 71, 53, 1, 0.09%, 0, 2, 3, 167.33
1606664840, 0, 66, 72, 54, 1, 0.09%, 0, 2, 3, 22.05
1606664873, 0, 71, 73, 54, 1, 0.09%, 0, 2, 3, 2.78
1606664889, 0, 72, 75, 55, 1, 0.09%, 0, 2, 4, 384.87
1606664905, 0, 74, 77, 56, 1, 0.09%, 0, 2, 5, 162.53
1606664915, 0, 74, 78, 57, 1, 0.09%, 0, 2, 5, 287.19
1606664930, 0, 74, 79, 58, 1, 0.09%, 0, 2, 5, 69.84
1606664941, 0, 76, 79, 57, 1, 0.09%, 0, 2, 5, 63.76
1606665002, 1, 1, 79, 56, 0, 0.09%, 0, 2, 5, 66.54
1606665020, 1, 2, 79, 56, 0, 0.09%, 0, 2, 5, 22.52
1606665031, 1, 7, 80, 56, 0, 0.09%, 0, 2, 5, 294.30
1606665036, 1, 9, 81, 57, 0, 0.09%, 0, 2, 5, 611.30
1606665042, 1, 10, 81, 57, 0, 0.09%, 0, 2, 5, 64.94
1606665048, 1, 13, 81, 56, 0, 0.09%, 0, 2, 5, 22.36
1606665060, 1, 15, 82, 57, 0, 0.09%, 0, 2, 5, 57.18
1606665065, 1, 18, 82, 56, 0, 0.09%, 0, 2, 5, 743.93
1606665084, 1, 21, 82, 56, 0, 0.09%, 0, 2, 5, 35.63
1606665090, 1, 23, 82, 54, 0, 0.09%, 0, 2, 5, 6.48
1606665096, 1, 33, 82, 53, 0, 0.09%, 0, 2, 5, 460.45
1606665131, 1, 40, 82, 53, 0, 0.09%, 0, 2, 5, 168.90
1606665163, 1, 43, 82, 52, 0, 0.09%, 0, 2, 5, 2.90
1606665227, 1, 48, 82, 52, 0, 0.09%, 0, 2, 5, 337.28
1606665242, 1, 51, 82, 52, 0, 0.09%, 0, 2, 5, 270.57
1606665248, 1, 52, 83, 52, 0, 0.09%, 0, 2, 5, 49.89
1606665254, 1, 53, 83, 51, 0, 0.09%, 0, 2, 5, 51.31
1606665262, 1, 57, 83, 50, 0, 0.09%, 0, 2, 5, 22.65
1606665312, 1, 58, 83, 50, 0, 0.09%, 0, 2, 5, 25.88
1606665318, 1, 64, 83, 50, 0, 0.09%, 0, 2, 5, 4.63
1606665366, 1, 70, 83, 49, 0, 0.09%, 0, 2, 5, 40.80
1606665380, 1, 73, 83, 48, 0, 0.09%, 0, 2, 5, 6.16
1606665392, 1, 74, 83, 47, 0, 0.09%, 0, 2, 5, 8.33
1606665462, 1, 75, 83, 47, 0, 0.09%, 0, 2, 5, 101.68
1606665468, 1, 76, 83, 46, 0, 0.09%, 0, 2, 5, 27.19
1606665547, 1, 77, 83, 46, 0, 0.09%, 0, 2, 5, 24.26
1606665564, 1, 78, 83, 45, 0, 0.09%, 0, 2, 5, 27.85
1606665638, 1, 81, 83, 44, 0, 0.09%, 0, 2, 5, 14.01
1606665643, 1, 82, 83, 43, 0, 0.09%, 0, 2, 5, 313.85
1606665670, 2, 7, 83, 41, 0, 0.09%, 1, 2, 5, 1176.02
1606665676, 2, 9, 83, 41, 0, 0.09%, 1, 2, 5, 903.11
1606665681, 2, 15, 83, 41, 0, 0.09%, 1, 2, 5, 52.84
1606665686, 2, 18, 83, 41, 0, 0.09%, 1, 2, 5, 950.21
1606665691, 2, 19, 83, 41, 0, 0.09%, 1, 2, 5, 740.28
1606665697, 2, 24, 83, 41, 0, 0.09%, 1, 2, 5, 299.75
1606665702, 2, 25, 83, 40, 0, 0.09%, 1, 2, 5, 514.75
1606665716, 2, 33, 83, 39, 0, 0.09%, 1, 2, 5, 74.06
1606665722, 2, 43, 83, 39, 0, 0.09%, 1, 2, 5, 89.97
1606665736, 2, 45, 83, 39, 0, 0.09%, 1, 2, 5, 815.53
1606665754, 2, 46, 83, 38, 0, 0.09%, 1, 2, 5, 21.43
1606665759, 2, 47, 83, 37, 0, 0.09%, 1, 2, 5, 83.19
1606665779, 2, 48, 83, 36, 0, 0.09%, 1, 2, 5, 90.92
1606665809, 2, 57, 83, 36, 0, 0.09%, 1, 2, 5, 0.66
1606665883, 2, 58, 83, 36, 0, 0.09%, 1, 2, 5, 2.39
1606665910, 2, 59, 83, 36, 0, 0.09%, 1, 2, 5, 7.56
1606665922, 2, 61, 83, 35, 0, 0.09%, 1, 2, 5, 7.28
1606665955, 2, 67, 83, 34, 0, 0.09%, 1, 2, 5, 4.16
1606665972, 2, 74, 83, 33, 0, 0.09%, 1, 2, 5, 20.03
1606666025, 2, 76, 83, 33, 0, 0.09%, 1, 2, 5, 101.27
1606666071, 3, 1, 83, 33, 0, 0.09%, 1, 2, 5, 768.50
1606666094, 3, 7, 83, 33, 0, 0.09%, 1, 2, 5, 32.76
1606666099, 3, 7, 83, 33, 0, 0.09%, 2, 2, 5, 33.25
1606666108, 3, 9, 83, 33, 0, 0.09%, 2, 2, 5, 6.69
1606666124, 3, 13, 83, 33, 0, 0.09%, 2, 2, 5, 6.00
1606666213, 3, 14, 83, 33, 0, 0.09%, 2, 2, 5, 1.97
1606666222, 3, 15, 83, 32, 0, 0.09%, 2, 2, 5, 3.32
1606666243, 3, 18, 83, 32, 0, 0.09%, 2, 2, 5, 1.69
1606666248, 3, 19, 83, 32, 0, 0.09%, 2, 2, 5, 264.91
1606666275, 3, 25, 83, 32, 0, 0.09%, 2, 2, 5, 5.68
1606666305, 3, 27, 83, 32, 0, 0.09%, 2, 2, 5, 2.32
1606666310, 3, 28, 83, 32, 0, 0.09%, 2, 2, 5, 2.79
1606666325, 3, 30, 83, 31, 0, 0.09%, 2, 2, 5, 6.31
1606666335, 3, 33, 83, 30, 0, 0.09%, 2, 2, 5, 1.58
1606666352, 3, 34, 83, 30, 0, 0.09%, 2, 2, 5, 6.17
1606666359, 3, 36, 83, 29, 0, 0.09%, 2, 2, 5, 2.69
1606666389, 3, 37, 83, 28, 0, 0.09%, 2, 2, 5, 3.07
1606666432, 3, 43, 83, 28, 0, 0.09%, 2, 2, 5, 3.44
1606666444, 3, 48, 83, 28, 0, 0.09%, 2, 2, 5, 237.91
1606666464, 3, 49, 83, 28, 0, 0.09%, 2, 2, 5, 13.66
1606666483, 3, 50, 83, 27, 0, 0.09%, 2, 2, 5, 0.19
1606666533, 3, 57, 83, 26, 0, 0.09%, 2, 2, 5, 4.54
1606666556, 3, 58, 83, 26, 0, 0.09%, 2, 2, 5, 263.89
1606666576, 3, 63, 83, 26, 0, 0.09%, 2, 2, 5, 5.86
1606666596, 3, 71, 83, 25, 0, 0.09%, 2, 2, 5, 18.42
1606666607, 3, 74, 83, 25, 0, 0.09%, 2, 2, 5, 84.41
1606666624, 3, 76, 83, 25, 0, 0.09%, 2, 2, 5, 16.75
1606666649, 4, 5, 83, 25, 0, 0.09%, 2, 2, 5, 47.24
1606666666, 4, 7, 83, 24, 0, 0.09%, 2, 2, 5, 357.18
1606666671, 4, 9, 83, 24, 0, 0.09%, 2, 2, 5, 52.03
1606666676, 4, 13, 83, 24, 0, 0.09%, 2, 2, 5, 716.16
1606666697, 4, 17, 83, 24, 0, 0.09%, 2, 2, 5, 94.41
1606666711, 4, 18, 83, 23, 0, 0.09%, 2, 2, 5, 1.55
1606666724, 4, 19, 83, 23, 0, 0.09%, 2, 2, 5, 832.01
1606666743, 4, 25, 83, 23, 0, 0.09%, 2, 2, 5, 34.81
1606666773, 4, 26, 83, 23, 0, 0.09%, 2, 2, 5, 604.46
1606666803, 4, 32, 83, 22, 0, 0.09%, 2, 2, 5, 11.76
1606666819, 4, 36, 83, 21, 0, 0.09%, 2, 2, 5, 1.89
1606666868, 4, 43, 83, 21, 0, 0.09%, 2, 2, 5, 200.00
1606666874, 4, 48, 83, 21, 0, 0.09%, 2, 2, 5, 123.70
1606666879, 4, 55, 83, 21, 0, 0.09%, 2, 2, 5, 134.99
1606666897, 4, 57, 83, 20, 0, 0.09%, 2, 2, 5, 2.20
1606666935, 4, 58, 83, 20, 0, 0.09%, 2, 2, 5, 4.03
1606666964, 4, 74, 83, 20, 0, 0.09%, 2, 2, 5, 364.31
1606666980, 4, 75, 83, 20, 0, 0.09%, 2, 2, 5, 386.80
1606666985, 4, 76, 83, 20, 0, 0.09%, 2, 2, 5, 89.72
1606667006, 4, 78, 83, 20, 0, 0.09%, 2, 2, 5, 80.73
1606667016, 5, 1, 83, 20, 0, 0.09%, 2, 2, 5, 1084.36
1606667022, 5, 7, 83, 20, 0, 0.09%, 2, 2, 5, 36.36
1606667027, 5, 9, 83, 20, 0, 0.09%, 2, 2, 5, 96.59
1606667032, 5, 13, 83, 20, 0, 0.09%, 2, 2, 5, 30.85
1606667053, 5, 15, 83, 20, 0, 0.09%, 2, 2, 5, 134.94
1606667058, 5, 18, 83, 20, 0, 0.09%, 2, 2, 5, 67.32
1606667063, 5, 19, 83, 20, 0, 0.09%, 2, 2, 5, 726.27
1606667079, 5, 24, 83, 20, 0, 0.09%, 2, 2, 5, 75.43
1606667088, 5, 25, 83, 20, 0, 0.09%, 2, 2, 5, 1.48
1606667122, 5, 36, 83, 20, 0, 0.09%, 2, 2, 5, 14.56
1606667154, 5, 37, 83, 20, 0, 0.09%, 2, 2, 5, 10.70
1606667175, 5, 41, 83, 20, 0, 0.09%, 2, 2, 5, 1.61
1606667197, 5, 43, 83, 19, 0, 0.09%, 2, 2, 5, 1.35
1606667238, 5, 48, 83, 19, 0, 0.09%, 2, 2, 5, 3.78
1606667271, 5, 54, 83, 19, 0, 0.09%, 2, 2, 5, 5.03
1606667292, 5, 55, 83, 18, 0, 0.09%, 2, 2, 5, 16.67
1606667348, 5, 57, 83, 18, 0, 0.09%, 2, 2, 5, 15.36
1606667363, 5, 58, 83, 18, 0, 0.09%, 2, 2, 5, 19.10
1606667430, 5, 60, 83, 18, 0, 0.09%, 3, 2, 5, 21.21
1606667461, 5, 68, 83, 18, 0, 0.09%, 3, 2, 5, 21.78
1606667472, 5, 74, 83, 17, 0, 0.09%, 3, 2, 5, 76.54
1606667533, 5, 76, 83, 17, 0, 0.09%, 3, 2, 5, 34.72
1606667638, 5, 79, 83, 17, 0, 0.09%, 3, 2, 5, 5.56
1606667720, 6, 1, 83, 16, 0, 0.09%, 3, 2, 5, 11.73
1606667747, 6, 7, 83, 16, 0, 0.09%, 3, 2, 5, 15.32
1606667754, 6, 9, 83, 16, 0, 0.09%, 3, 2, 5, 37.42
1606667781, 6, 13, 83, 16, 0, 0.09%, 3, 2, 5, 20.19
1606667794, 6, 15, 83, 16, 0, 0.09%, 3, 2, 5, 15.95
1606667816, 6, 18, 83, 16, 0, 0.09%, 3, 2, 5, 18.97
1606667857, 6, 20, 83, 16, 0, 0.09%, 3, 2, 5, 9.00
1606667878, 6, 25, 83, 15, 0, 0.09%, 3, 2, 5, 4.57
1606667935, 6, 28, 83, 15, 0, 0.09%, 3, 2, 5, 6.12
1606667940, 6, 36, 83, 15, 0, 0.09%, 3, 2, 5, 150.61
1606667957, 6, 39, 83, 15, 0, 0.09%, 3, 2, 5, 9.33
1606667973, 6, 43, 83, 15, 0, 0.09%, 3, 2, 5, 509.62
1606667979, 6, 44, 83, 15, 0, 0.09%, 3, 2, 5, 68.07
1606668005, 6, 48, 83, 14, 0, 0.09%, 3, 2, 5, 7.67
1606668034, 6, 54, 83, 14, 0, 0.09%, 3, 2, 5, 10.82
1606668050, 6, 57, 83, 14, 0, 0.09%, 3, 2, 5, 261.93
1606668079, 6, 58, 83, 14, 0, 0.09%, 3, 2, 5, 23.57
1606668102, 6, 65, 83, 14, 0, 0.09%, 3, 2, 5, 249.01
1606668108, 6, 74, 83, 13, 0, 0.09%, 3, 2, 5, 48.58
1606668137, 6, 76, 83, 13, 0, 0.09%, 3, 2, 5, 18.87
1606668194, 6, 78, 83, 13, 0, 0.09%, 3, 2, 5, 9.94
1606668254, 7, 1, 83, 13, 0, 0.09%, 3, 2, 5, 24.74
1606668270, 7, 7, 83, 13, 0, 0.09%, 3, 2, 5, 55.99
1606668276, 7, 9, 83, 13, 0, 0.09%, 3, 2, 5, 894.53
1606668281, 7, 13, 83, 13, 0, 0.09%, 3, 2, 5, 1155.00
1606668325, 7, 18, 83, 13, 0, 0.09%, 3, 2, 5, 395.25
1606668330, 7, 19, 83, 13, 0, 0.09%, 3, 2, 5, 334.78
1606668358, 7, 20, 83, 13, 0, 0.09%, 3, 2, 5, 10.84
1606668367, 7, 25, 83, 13, 0, 0.09%, 3, 2, 5, 9.84
1606668387, 7, 36, 83, 13, 0, 0.09%, 3, 2, 5, 3.99
1606668414, 7, 43, 83, 13, 0, 0.09%, 3, 2, 5, 14.53
1606668482, 7, 44, 83, 13, 0, 0.09%, 3, 2, 5, 12.53
1606668505, 7, 48, 83, 13, 0, 0.09%, 3, 2, 5, 300.41
1606668514, 7, 48, 83, 13, 0, 0.09%, 4, 2, 5, 3.97
1606668561, 7, 51, 83, 13, 0, 0.09%, 4, 2, 5, 0.77
1606668581, 7, 57, 83, 13, 0, 0.09%, 4, 2, 5, 3.50
1606668608, 7, 58, 83, 13, 0, 0.09%, 4, 2, 5, 7.42
1606668646, 7, 65, 83, 13, 0, 0.09%, 4, 2, 5, 17.80
1606668660, 7, 72, 83, 13, 0, 0.09%, 4, 2, 5, 6.93
1606668697, 7, 74, 83, 13, 0, 0.09%, 4, 2, 5, 396.27
1606668729, 7, 76, 83, 13, 0, 0.09%, 4, 2, 5, 16.86
1606668786, 8, 1, 83, 13, 0, 0.09%, 4, 2, 5, 215.08
1606668793, 8, 7, 83, 13, 0, 0.09%, 4, 2, 5, 17.01
1606668818, 8, 9, 83, 13, 0, 0.09%, 4, 2, 5, 393.20
1606668847, 8, 13, 83, 13, 0, 0.09%, 4, 2, 5, 91.50
1606668869, 8, 15, 83, 13, 0, 0.09%, 4, 2, 5, 4.07
1606668881, 8, 18, 83, 13, 0, 0.09%, 4, 2, 5, 10.24
1606668912, 8, 19, 83, 13, 0, 0.09%, 4, 2, 5, 311.05
1606668921, 8, 25, 83, 13, 0, 0.09%, 4, 2, 5, 75.35
1606668966, 8, 36, 83, 13, 0, 0.09%, 4, 2, 5, 4.16
1606669012, 8, 43, 83, 13, 0, 0.09%, 4, 2, 5, 5.43
1606669056, 8, 48, 83, 13, 0, 0.09%, 4, 2, 5, 11.44
1606669061, 8, 57, 83, 13, 0, 0.09%, 4, 2, 5, 225.49
1606669105, 8, 58, 83, 13, 0, 0.09%, 4, 2, 5, 4.16
1606669129, 8, 62, 83, 13, 0, 0.09%, 4, 2, 5, 0.12
1606669177, 8, 69, 83, 12, 0, 0.09%, 4, 2, 5, 7.33
1606669203, 8, 74, 83, 11, 0, 0.09%, 4, 2, 5, 11.91
1606669231, 8, 76, 83, 11, 0, 0.09%, 4, 2, 5, 6.94
1606669270, 8, 80, 83, 11, 0, 0.09%, 4, 2, 5, 7.92
1606669280, 9, 1, 83, 10, 0, 0.09%, 4, 2, 5, 8.71
1606669285, 9, 3, 83, 10, 0, 0.09%, 4, 2, 5, 1335.00
1606669291, 9, 7, 83, 10, 0, 0.09%, 4, 2, 5, 53.94
1606669319, 9, 9, 83, 10, 0, 0.09%, 4, 2, 5, 12.68
1606669330, 9, 13, 83, 10, 0, 0.09%, 4, 2, 5, 15.89
1606669343, 9, 15, 83, 10, 0, 0.09%, 4, 2, 5, 1074.49
1606669363, 9, 18, 83, 10, 0, 0.09%, 4, 2, 5, 8.17
1606669376, 9, 19, 83, 10, 0, 0.09%, 4, 2, 5, 2.70
1606669385, 9, 21, 83, 10, 0, 0.09%, 4, 2, 5, 2.41
1606669400, 9, 36, 83, 10, 0, 0.09%, 4, 2, 5, 17.32
1606669441, 9, 43, 83, 10, 0, 0.09%, 4, 2, 5, 11.92
1606669455, 9, 48, 83, 10, 0, 0.09%, 4, 2, 5, 493.72
1606669487, 9, 57, 83, 10, 0, 0.09%, 4, 2, 5, 347.96
1606669498, 9, 58, 83, 10, 0, 0.09%, 4, 2, 5, 323.05
1606669525, 9, 59, 83, 10, 0, 0.09%, 4, 2, 5, 243.37
1606669535, 9, 60, 83, 10, 0, 0.09%, 4, 2, 5, 80.11
1606669545, 9, 74, 83, 10, 0, 0.09%, 4, 2, 5, 13.67
1606669555, 9, 76, 83, 10, 0, 0.09%, 4, 2, 5, 271.07
1606669582, 10, 1, 83, 10, 0, 0.09%, 4, 2, 5, 34.54
1606669587, 10, 7, 83, 10, 0, 0.09%, 4, 2, 5, 1835.85
1606669597, 10, 13, 83, 10, 0, 0.09%, 4, 2, 5, 22.50
1606669618, 10, 15, 83, 10, 0, 0.09%, 4, 2, 5, 173.68
1606669623, 10, 18, 83, 10, 0, 0.09%, 4, 2, 5, 271.64
1606669628, 10, 19, 83, 10, 0, 0.09%, 4, 2, 5, 18.02
1606669633, 10, 25, 83, 10, 0, 0.09%, 4, 2, 5, 44.94
1606669638, 10, 29, 83, 10, 0, 0.09%, 4, 2, 5, 41.45
1606669643, 10, 36, 83, 9, 0, 0.09%, 4, 2, 5, 149.60
1606669654, 10, 42, 83, 8, 0, 0.09%, 4, 2, 5, 225.53
1606669672, 10, 43, 83, 7, 0, 0.09%, 4, 2, 5, 5.40
1606669721, 10, 48, 83, 7, 0, 0.09%, 4, 2, 5, 1.33
1606669729, 10, 57, 83, 7, 0, 0.09%, 4, 2, 5, 11.77
1606669744, 10, 58, 83, 7, 0, 0.09%, 4, 2, 5, 28.37
1606669818, 10, 59, 83, 7, 0, 0.09%, 4, 2, 5, 6.48
1606669846, 10, 74, 83, 7, 0, 0.09%, 4, 2, 5, 11.73
1606669877, 10, 75, 83, 7, 0, 0.09%, 4, 2, 5, 38.23
1606669928, 10, 76, 83, 7, 0, 0.09%, 4, 2, 5, 8.11
1606670064, 11, 1, 83, 7, 0, 0.09%, 4, 2, 5, 34.40
1606670083, 11, 7, 83, 7, 0, 0.09%, 4, 2, 5, 8.33
1606670090, 11, 9, 83, 7, 0, 0.09%, 4, 2, 5, 8.46
1606670106, 11, 13, 83, 7, 0, 0.09%, 4, 2, 5, 65.97
1606670134, 11, 15, 83, 7, 0, 0.09%, 4, 2, 5, 13.79
1606670139, 11, 18, 83, 7, 0, 0.09%, 4, 2, 5, 598.34
1606670144, 11, 19, 83, 7, 0, 0.09%, 4, 2, 5, 237.08
1606670154, 11, 25, 83, 7, 0, 0.09%, 4, 2, 5, 16.98
1606670178, 11, 29, 83, 7, 0, 0.09%, 4, 2, 5, 119.57
1606670199, 11, 36, 83, 7, 0, 0.09%, 4, 2, 5, 2.48
1606670216, 11, 43, 83, 7, 0, 0.09%, 4, 2, 5, 313.58
1606670221, 11, 48, 83, 7, 0, 0.09%, 4, 2, 5, 149.42
1606670231, 11, 57, 83, 7, 0, 0.09%, 4, 2, 5, 225.50
1606670236, 11, 58, 83, 7, 0, 0.09%, 4, 2, 5, 157.29
1606670246, 11, 74, 83, 7, 0, 0.09%, 4, 2, 5, 874.20
1606670262, 11, 76, 83, 7, 0, 0.09%, 4, 2, 5, 22.68
1606670277, 12, 1, 83, 7, 0, 0.09%, 4, 2, 5, 208.33
1606670282, 12, 7, 83, 7, 0, 0.09%, 4, 2, 5, 76.74
1606670287, 12, 8, 83, 7, 0, 0.09%, 4, 2, 5, 117.26
1606670298, 12, 13, 83, 6, 0, 0.09%, 4, 2, 5, 14.89
1606670346, 12, 15, 83, 6, 0, 0.09%, 4, 2, 5, 20.52
1606670378, 12, 18, 83, 6, 0, 0.09%, 4, 2, 5, 62.92
1606670408, 12, 19, 83, 6, 0, 0.09%, 4, 2, 5, 4.05
1606670427, 12, 25, 83, 6, 0, 0.09%, 4, 2, 5, 3.63
1606670441, 12, 35, 83, 6, 0, 0.09%, 4, 2, 5, 11.12
1606670446, 12, 36, 83, 5, 0, 0.09%, 4, 2, 5, 52.59
1606670492, 12, 43, 83, 5, 0, 0.09%, 4, 2, 5, 0.99
1606670555, 12, 48, 83, 5, 0, 0.09%, 4, 2, 5, 99.82
1606670580, 12, 57, 83, 5, 0, 0.09%, 4, 2, 5, 301.64
1606670593, 12, 58, 83, 5, 0, 0.09%, 4, 2, 5, 14.24
1606670619, 12, 60, 83, 5, 0, 0.09%, 4, 2, 5, 3.20
1606670657, 12, 61, 83, 5, 0, 0.09%, 4, 2, 5, 36.30
1606670669, 12, 74, 83, 5, 0, 0.09%, 4, 2, 5, 31.96
1606670732, 12, 76, 83, 5, 0, 0.09%, 4, 2, 5, 354.29
1606670818, 12, 78, 83, 5, 0, 0.09%, 4, 2, 5, 14.44
1606670881, 13, 1, 83, 5, 0, 0.09%, 4, 2, 5, 77.04
1606670908, 13, 6, 83, 5, 0, 0.09%, 4, 2, 5, 197.51
1606670949, 13, 7, 83, 5, 0, 0.09%, 4, 2, 5, 11.24
1606670978, 13, 9, 83, 5, 0, 0.09%, 4, 2, 5, 20.77
1606670996, 13, 13, 83, 5, 0, 0.09%, 4, 2, 5, 59.01
1606671001, 13, 14, 83, 5, 0, 0.09%, 4, 2, 5, 148.66
1606671012, 13, 15, 83, 5, 0, 0.09%, 4, 2, 5, 160.51
1606671023, 13, 18, 83, 5, 0, 0.09%, 4, 2, 5, 8.80
1606671045, 13, 19, 83, 5, 0, 0.09%, 4, 2, 5, 3.90
1606671063, 13, 25, 83, 5, 0, 0.09%, 4, 2, 5, 7.50
1606671090, 13, 36, 83, 5, 0, 0.09%, 4, 2, 5, 20.60
1606671121, 13, 40, 83, 5, 0, 0.09%, 4, 2, 5, 8.44
1606671169, 13, 43, 83, 5, 0, 0.09%, 4, 2, 5, 172.50
1606671180, 13, 46, 83, 5, 0, 0.09%, 4, 2, 5, 399.22
1606671216, 13, 48, 83, 5, 0, 0.09%, 4, 2, 5, 19.37
1606671236, 13, 52, 83, 5, 0, 0.09%, 4, 2, 5, 73.31
1606671269, 13, 56, 83, 5, 0, 0.09%, 4, 2, 5, 12.29
1606671284, 13, 57, 83, 4, 0, 0.09%, 4, 2, 5, 10.04
1606671303, 13, 58, 83, 4, 0, 0.09%, 4, 2, 5, 8.46
1606671323, 13, 68, 83, 4, 0, 0.09%, 4, 2, 5, 72.33
1606671336, 13, 74, 83, 4, 0, 0.09%, 4, 2, 5, 816.07
1606671398, 13, 76, 83, 4, 0, 0.09%, 4, 2, 5, 7.89
1606671471, 14, 7, 83, 4, 0, 0.09%, 4, 2, 5, 32.29
1606671511, 14, 12, 83, 4, 0, 0.09%, 4, 2, 5, 31.84
1606671526, 14, 13, 83, 3, 0, 0.09%, 4, 2, 5, 34.61
1606671609, 14, 18, 83, 3, 0, 0.09%, 4, 2, 5, 22.76
1606671634, 14, 25, 83, 3, 0, 0.09%, 4, 2, 5, 55.79
1606671644, 14, 36, 83, 2, 0, 0.09%, 4, 2, 5, 175.69
1606671654, 14, 43, 83, 2, 0, 0.09%, 4, 2, 5, 417.15
1606671660, 14, 48, 83, 2, 0, 0.09%, 4, 2, 5, 11.20
1606671692, 14, 57, 83, 2, 0, 0.09%, 4, 2, 5, 6.03
1606671756, 14, 58, 83, 2, 0, 0.09%, 4, 2, 5, 20.64
1606671781, 14, 70, 83, 2, 0, 0.09%, 4, 2, 5, 485.52
1606671819, 14, 74, 83, 2, 0, 0.09%, 4, 2, 5, 689.08
1606671851, 14, 76, 83, 2, 0, 0.09%, 4, 2, 5, 24.63
1606671936, 15, 0, 83, 2, 0, 0.09%, 4, 2, 5, 14.17
1606671951, 15, 7, 83, 2, 0, 0.09%, 4, 2, 5, 43.92
1606671962, 15, 13, 83, 2, 0, 0.09%, 4, 2, 5, 316.04
1606671989, 15, 18, 83, 2, 0, 0.09%, 4, 2, 5, 41.97
1606671995, 15, 25, 83, 2, 0, 0.09%, 4, 2, 5, 109.19
1606672006, 15, 36, 83, 2, 0, 0.09%, 4, 2, 5, 45.53
1606672029, 15, 43, 83, 2, 0, 0.09%, 4, 2, 5, 3.78
1606672034, 15, 48, 83, 2, 0, 0.09%, 4, 2, 5, 286.65
1606672050, 15, 57, 83, 2, 0, 0.09%, 4, 2, 5, 319.51
1606672064, 15, 58, 83, 2, 0, 0.09%, 4, 2, 5, 16.22
1606672070, 15, 74, 83, 2, 0, 0.09%, 4, 2, 5, 48.43
1606672097, 15, 76, 83, 2, 0, 0.09%, 4, 2, 5, 368.17
1606672173, 16, 7, 83, 2, 0, 0.09%, 4, 2, 5, 92.39
1606672187, 16, 9, 83, 2, 0, 0.09%, 4, 2, 5, 365.63
1606672204, 16, 13, 83, 2, 0, 0.09%, 4, 2, 5, 47.82
1606672241, 16, 18, 83, 2, 0, 0.09%, 4, 2, 5, 756.56
1606672263, 16, 19, 83, 2, 0, 0.09%, 4, 2, 5, 2.26
1606672282, 16, 25, 83, 2, 0, 0.09%, 4, 2, 5, 1.13
1606672303, 16, 36, 83, 2, 0, 0.09%, 4, 2, 5, 295.36
1606672316, 16, 43, 83, 2, 0, 0.09%, 4, 2, 5, 11.31
1606672368, 16, 45, 83, 2, 0, 0.09%, 4, 2, 5, 210.52
1606672402, 16, 48, 83, 2, 0, 0.09%, 4, 2, 5, 235.75
1606672421, 16, 57, 83, 2, 0, 0.09%, 4, 2, 5, 3.25
1606672427, 16, 58, 83, 2, 0, 0.09%, 4, 2, 5, 17.42
1606672439, 16, 68, 83, 2, 0, 0.09%, 4, 2, 5, 319.79
1606672449, 16, 74, 83, 2, 0, 0.09%, 4, 2, 5, 429.45
1606672460, 16, 76, 83, 2, 0, 0.09%, 4, 2, 5, 2.04
1606672475, 17, 1, 83, 2, 0, 0.09%, 4, 2, 5, 403.62
1606672480, 17, 7, 83, 2, 0, 0.09%, 4, 2, 5, 198.28
1606672486, 17, 13, 83, 2, 0, 0.09%, 4, 2, 5, 1773.75
1606672501, 17, 15, 83, 2, 0, 0.09%, 4, 2, 5, 693.32
1606672506, 17, 17, 83, 2, 0, 0.09%, 4, 2, 5, 249.24
1606672511, 17, 18, 83, 2, 0, 0.09%, 4, 2, 5, 3.91
1606672517, 17, 25, 83, 2, 0, 0.09%, 4, 2, 5, 357.37
1606672527, 17, 36, 83, 2, 0, 0.09%, 4, 2, 5, 236.42
1606672532, 17, 43, 83, 2, 0, 0.09%, 4, 2, 5, 43.29
1606672543, 17, 48, 83, 2, 0, 0.09%, 4, 2, 5, 127.78
1606672548, 17, 57, 83, 2, 0, 0.09%, 4, 2, 5, 40.90
1606672558, 17, 58, 83, 2, 0, 0.09%, 4, 2, 5, 148.53
1606672564, 17, 74, 83, 2, 0, 0.09%, 4, 2, 5, 308.16
1606672574, 17, 76, 83, 2, 0, 0.09%, 4, 2, 5, 388.07
1606672590, 18, 1, 83, 2, 0, 0.09%, 4, 2, 5, 102.11
1606672595, 18, 7, 83, 2, 0, 0.09%, 4, 2, 5, 795.32
1606672600, 18, 13, 83, 2, 0, 0.09%, 4, 2, 5, 3.21
1606672610, 18, 15, 83, 2, 0, 0.09%, 4, 2, 5, 316.03
1606672615, 18, 19, 83, 2, 0, 0.09%, 4, 2, 5, 141.57
1606672620, 18, 25, 83, 2, 0, 0.09%, 4, 2, 5, 876.24
1606672625, 18, 26, 83, 2, 0, 0.09%, 4, 2, 5, 250.49
1606672630, 18, 36, 83, 2, 0, 0.09%, 4, 2, 5, 223.81
1606672635, 18, 43, 83, 2, 0, 0.09%, 4, 2, 5, 624.58
1606672641, 18, 48, 83, 2, 0, 0.09%, 4, 2, 5, 94.91
1606672651, 18, 57, 83, 2, 0, 0.09%, 4, 2, 5, 8.73
1606672661, 18, 58, 83, 2, 0, 0.09%, 4, 2, 5, 27.78
1606672666, 18, 72, 83, 2, 0, 0.09%, 4, 2, 5, 328.35
1606672672, 18, 74, 83, 2, 0, 0.09%, 4, 2, 5, 37.78
1606672687, 18, 76, 83, 2, 0, 0.09%, 4, 2, 5, 249.54
1606672703, 18, 78, 83, 2, 0, 0.09%, 4, 2, 5, 280.45
1606672724, 19, 7, 83, 2, 0, 0.09%, 4, 2, 5, 962.57
1606672729, 19, 13, 83, 2, 0, 0.09%, 4, 2, 5, 923.88
1606672734, 19, 15, 83, 2, 0, 0.09%, 4, 2, 5, 167.83
1606672739, 19, 18, 83, 2, 0, 0.09%, 4, 2, 5, 76.40
1606672744, 19, 19, 83, 2, 0, 0.09%, 4, 2, 5, 246.49
1606672749, 19, 25, 83, 2, 0, 0.09%, 4, 2, 5, 666.93
1606672755, 19, 36, 83, 2, 0, 0.09%, 4, 2, 5, 915.00
1606672760, 19, 43, 83, 2, 0, 0.09%, 4, 2, 5, 137.61
1606672775, 19, 48, 83, 2, 0, 0.09%, 4, 2, 5, 303.44
1606672781, 19, 57, 83, 2, 0, 0.09%, 4, 2, 5, 43.30
1606672786, 19, 58, 83, 2, 0, 0.09%, 5, 2, 5, 28.31
1606672797, 19, 59, 83, 2, 0, 0.09%, 5, 2, 5, 360.59
1606672802, 19, 63, 83, 2, 0, 0.09%, 5, 2, 5, 131.46
1606672808, 19, 73, 83, 2, 0, 0.09%, 5, 2, 5, 39.96
1606672813, 19, 74, 83, 2, 0, 0.09%, 5, 2, 5, 488.05
1606672828, 19, 76, 83, 2, 0, 0.09%, 5, 2, 5, 118.94
1606672849, 20, 6, 83, 2, 0, 0.09%, 5, 2, 5, 319.08
1606672854, 20, 7, 83, 2, 0, 0.09%, 5, 2, 5, 641.20
1606672859, 20, 9, 83, 2, 0, 0.09%, 5, 2, 5, 232.83
1606672864, 20, 13, 83, 2, 0, 0.09%, 5, 2, 5, 350.91
1606672874, 20, 15, 83, 2, 0, 0.09%, 5, 2, 5, 353.76
1606672882, 20, 18, 83, 2, 0, 0.09%, 5, 2, 5, 6.75
1606672893, 20, 19, 83, 2, 0, 0.09%, 5, 2, 5, 2.85
1606672912, 20, 25, 83, 2, 0, 0.09%, 5, 2, 5, 6.85
1606672917, 20, 26, 83, 2, 0, 0.09%, 5, 2, 5, 281.31
1606672922, 20, 36, 83, 2, 0, 0.09%, 5, 2, 5, 71.33
1606672937, 20, 43, 83, 2, 0, 0.09%, 5, 2, 5, 2.45
1606672969, 20, 48, 83, 2, 0, 0.09%, 5, 2, 5, 3.56
1606672981, 20, 57, 83, 2, 0, 0.09%, 5, 2, 5, 11.85
1606673018, 20, 58, 83, 2, 0, 0.09%, 5, 2, 5, 18.41
1606673055, 20, 74, 83, 2, 0, 0.09%, 5, 2, 5, 554.13
1606673074, 20, 76, 83, 2, 0, 0.09%, 5, 2, 5, 371.75
1606673152, 21, 1, 83, 2, 0, 0.09%, 5, 2, 5, 15.92
1606673163, 21, 4, 83, 2, 0, 0.09%, 5, 2, 5, 4.09
1606673179, 21, 7, 83, 1, 0, 0.09%, 5, 2, 5, 14.94
1606673192, 21, 9, 83, 1, 0, 0.09%, 5, 2, 5, 53.43
1606673203, 21, 13, 83, 1, 0, 0.09%, 5, 2, 5, 428.62
1606673243, 21, 15, 83, 1, 0, 0.09%, 5, 2, 5, 72.31
1606673266, 21, 18, 83, 1, 0, 0.09%, 5, 2, 5, 13.02
1606673286, 21, 19, 83, 1, 0, 0.09%, 5, 2, 5, 10.22
1606673308, 21, 25, 83, 1, 0, 0.09%, 5, 2, 5, 14.78
1606673324, 21, 33, 83, 1, 0, 0.09%, 5, 2, 5, 206.84
1606673329, 21, 36, 83, 1, 0, 0.09%, 5, 2, 5, 371.10
1606673335, 21, 43, 83, 1, 0, 0.09%, 5, 2, 5, 62.47
1606673345, 21, 48, 83, 1, 0, 0.09%, 5, 2, 5, 35.05
1606673351, 21, 57, 83, 1, 0, 0.09%, 5, 2, 5, 37.04
1606673361, 21, 58, 83, 1, 0, 0.09%, 5, 2, 5, 80.27
1606673366, 21, 73, 83, 1, 0, 0.09%, 5, 2, 5, 59.42
1606673371, 21, 74, 83, 1, 0, 0.09%, 5, 2, 5, 584.25
1606673381, 21, 76, 83, 1, 0, 0.09%, 5, 2, 5, 513.18
1606673405, 21, 78, 83, 1, 0, 0.09%, 5, 2, 5, 14.39
1606673454, 21, 82, 83, 1, 0, 0.09%, 5, 2, 5, 15.01
1606673464, 22, 7, 83, 1, 0, 0.09%, 5, 2, 5, 353.22
1606673470, 22, 9, 83, 1, 0, 0.09%, 5, 2, 5, 532.26
1606673480, 22, 13, 83, 1, 0, 0.09%, 5, 2, 5, 130.29
1606673490, 22, 15, 83, 1, 0, 0.09%, 5, 2, 5, 543.46
1606673495, 22, 17, 83, 1, 0, 0.09%, 5, 2, 5, 100.87
1606673506, 22, 19, 83, 1, 0, 0.09%, 5, 2, 5, 154.02
1606673511, 22, 25, 83, 1, 0, 0.09%, 5, 2, 5, 10.87
1606673516, 22, 36, 83, 1, 0, 0.09%, 5, 2, 5, 97.30
1606673526, 22, 43, 83, 1, 0, 0.09%, 5, 2, 5, 456.60
1606673531, 22, 48, 83, 1, 0, 0.09%, 5, 2, 5, 530.73
1606673536, 22, 50, 83, 1, 0, 0.09%, 5, 2, 5, 587.96
1606673547, 22, 57, 83, 1, 0, 0.09%, 5, 2, 5, 1029.76
1606673553, 22, 58, 83, 1, 0, 0.09%, 5, 2, 5, 1.95
1606673558, 22, 74, 83, 1, 0, 0.09%, 5, 2, 5, 84.56
1606673573, 22, 76, 83, 1, 0, 0.09%, 5, 2, 5, 513.25
1606673606, 23, 1, 83, 1, 0, 0.09%, 5, 2, 5, 193.35
1606673611, 23, 8, 83, 1, 0, 0.09%, 5, 2, 5, 802.19
1606673623, 23, 9, 83, 1, 0, 0.09%, 5, 2, 5, 544.45
1606673628, 23, 13, 83, 1, 0, 0.09%, 5, 2, 5, 31.07
1606673643, 23, 19, 83, 1, 0, 0.09%, 5, 2, 5, 564.29
1606673649, 23, 32, 83, 1, 0, 0.09%, 5, 2, 5, 59.61
1606673654, 23, 36, 83, 1, 0, 0.09%, 5, 2, 5, 116.38
1606673664, 23, 43, 83, 1, 0, 0.09%, 5, 2, 5, 51.68
1606673674, 23, 57, 83, 1, 0, 0.09%, 5, 2, 5, 692.43
1606673680, 23, 58, 83, 1, 0, 0.09%, 5, 2, 5, 147.67
1606673690, 23, 74, 83, 1, 0, 0.09%, 5, 2, 5, 144.66
1606673706, 23, 76, 83, 1, 0, 0.09%, 5, 2, 5, 153.69
1606673727, 24, 1, 83, 1, 0, 0.09%, 5, 2, 5, 117.38
1606673742, 24, 3, 83, 1, 0, 0.09%, 5, 2, 5, 19.50
1606673757, 24, 7, 83, 1, 0, 0.09%, 5, 2, 5, 21.49
1606673788, 24, 13, 83, 1, 0, 0.09%, 5, 2, 5, 12.90
1606673831, 24, 15, 83, 1, 0, 0.09%, 5, 2, 5, 17.90
1606673845, 24, 17, 83, 1, 0, 0.09%, 5, 2, 5, 31.99
1606673864, 24, 18, 83, 1, 0, 0.09%, 5, 2, 5, 21.18
1606673870, 24, 19, 83, 1, 0, 0.09%, 5, 2, 5, 47.48
1606673908, 24, 25, 83, 1, 0, 0.09%, 5, 2, 5, 6.09
1606673913, 24, 26, 83, 1, 0, 0.09%, 5, 2, 5, 319.54
1606673926, 24, 34, 83, 1, 0, 0.09%, 5, 2, 5, 16.48
1606673934, 24, 36, 83, 1, 0, 0.09%, 5, 2, 5, 18.52
1606673970, 24, 43, 83, 1, 0, 0.09%, 5, 2, 5, 6.09
1606673995, 24, 48, 83, 1, 0, 0.09%, 5, 2, 5, 4.45
1606674014, 24, 57, 83, 1, 0, 0.09%, 5, 2, 5, 5.04
1606674047, 24, 58, 83, 1, 0, 0.09%, 5, 2, 5, 149.20
1606674067, 24, 62, 83, 1, 0, 0.09%, 5, 2, 5, 36.54
1606674083, 24, 74, 83, 1, 0, 0.09%, 5, 2, 5, 29.41
1606674093, 24, 76, 83, 1, 0, 0.09%, 5, 2, 5, 60.53
1606674122, 25, 1, 83, 1, 0, 0.09%, 5, 2, 5, 4.23
1606674132, 25, 4, 83, 1, 0, 0.09%, 5, 2, 5, 313.34
1606674142, 25, 7, 83, 1, 0, 0.09%, 5, 2, 5, 8.88
1606674168, 25, 8, 83, 1, 0, 0.09%, 5, 2, 5, 2.52
1606674193, 25, 9, 83, 1, 0, 0.09%, 5, 2, 5, 74.96
1606674212, 25, 13, 83, 1, 0, 0.09%, 5, 2, 5, 13.78
1606674218, 25, 15, 83, 1, 0, 0.09%, 5, 2, 5, 45.52
1606674224, 25, 18, 83, 1, 0, 0.09%, 5, 2, 5, 176.02
1606674229, 25, 25, 83, 1, 0, 0.09%, 5, 2, 5, 45.34
1606674234, 25, 36, 83, 1, 0, 0.09%, 5, 2, 5, 49.18
1606674245, 25, 43, 83, 1, 0, 0.09%, 5, 2, 5, 21.29
1606674250, 25, 48, 83, 1, 0, 0.09%, 5, 2, 5, 277.99
1606674255, 25, 51, 83, 1, 0, 0.09%, 5, 2, 5, 802.13
1606674260, 25, 57, 83, 1, 0, 0.09%, 5, 2, 5, 39.91
1606674267, 25, 58, 83, 1, 0, 0.09%, 5, 2, 5, 194.71
1606674272, 25, 74, 83, 1, 0, 0.09%, 5, 2, 5, 244.77
1606674282, 25, 76, 83, 1, 0, 0.09%, 5, 2, 5, 881.18
1606674302, 26, 1, 83, 1, 0, 0.09%, 5, 2, 5, 34.93
1606674308, 26, 7, 83, 1, 0, 0.09%, 5, 2, 5, 185.21
1606674318, 26, 9, 83, 1, 0, 0.09%, 5, 2, 5, 535.42
1606674328, 26, 13, 83, 0, 0, 0.09%, 5, 2, 5, 0.42
1606674363, 26, 15, 83, 0, 0, 0.09%, 5, 2, 5, 5.93
1606674368, 26, 18, 83, 0, 0, 0.09%, 5, 2, 5, 51.93
1606674377, 26, 19, 83, 0, 0, 0.09%, 5, 2, 5, 15.82
1606674382, 26, 36, 83, 0, 0, 0.09%, 5, 2, 5, 320.30
1606674388, 26, 40, 83, 0, 0, 0.09%, 5, 2, 5, 127.23
1606674393, 26, 43, 83, 0, 0, 0.09%, 5, 2, 5, 258.76
1606674398, 26, 57, 83, 0, 0, 0.09%, 5, 2, 5, 881.01
